%run22

freq = [];

% freq(1:950) = 1;
% freq(1000:1500) = 2;
% freq(1500:2500) = 3;
% freq(2500:3000) = 4;
% freq(3000:3600) = 5;
% freq(3600:4400) = 6;
% freq(4500:5000) = 7;
% freq(5000:5500) = 8;
% freq(5500:6000) = 9;
% freq(6000:6600) = 10;
% freq(6600:7000) = 11;
% freq(7100:850) = 12;
% freq(8500:9200) = 14;
% freq(9800:12589) = 1;

freq(1:227) = 1;  %1 and 2
freq(240:360) = 2; %4
freq(360:600) = 3; %4, 6, 8
freq(600:717) = 4; %4, 8
freq(717:861) = 5; %5
freq(861:1052) = 6; %6, 8, 11
freq(1076:1196) = 7;
freq(1196:1315) = 8;
freq(1315:1435) = 9;
freq(1435:1578) = 10;
freq(1578:1674) = 11;
freq(1698:2033) = 12;
freq(2033:2200) = 14;
freq(2344:3011) = 1;